	22	22.5	23	23.5	24	24.5	25	25.5	26	26.5	27	27.5	28	28.5	29	29.5	30	30.5	31	31.5	32	32.5	33	33.5	34	34.5	35	35.5	36	36.5	37	37.5	38	38.5	39	39.5	40	40.5	41	41.5	42	42.5	43	43.5	44	44.5	45	45.5	46	46.5	47	47.5	38	38.5	49	49.5	50
120	4	6	8	10	12	14	16	18	20	21	23	25	27	29	31	33	35	37	39	41	43	45	47	49	50	52	54	0	0	0	0	54	0	0	0	0	0	0	0	0	0	0	0	0	55	0	0	0	0	0	0	0	0	0	0
125	4	6	7	9	11	13	15	17	19	20	22	24	26	28	30	32	33	35	37	39	41	43	45	46	48	50	52	54	0	0	0	52	54	55	0	0	0	0	0	0	0	0	0	0	53	55	0	0	0	0	0	0	0	0	0
130	3	5	7	9	11	12	14	16	18	20	21	23	25	27	28	30	32	34	36	37	39	41	43	44	46	48	50	52	53	55	0	50	52	53	55	0	0	0	0	0	0	0	0	0	52	53	54	55	0	0	0	0	0	0	0
135	3	5	6	8	10	12	13	15	17	19	20	22	24	26	27	29	31	32	34	36	38	39	41	43	44	46	48	50	51	53	55	49	50	52	53	55	0	0	0	0	0	0	0	0	51	52	53	54	55	0	0	0	0	0	0
140	3	5	7	8	10	11	13	15	16	18	19	21	23	24	26	28	29	31	33	34	36	38	39	41	43	44	46	48	49	51	53	47	48	50	51	53	54	0	0	0	0	0	0	0	49	50	51	53	54	55	0	0	0	0	0
145	4	6	7	9	0	11	12	14	15	17	19	20	22	23	25	27	28	30	31	33	35	36	38	39	41	43	44	46	47	49	51	45	47	48	50	51	52	54	0	0	0	0	0	0	48	49	50	51	52	53	54	0	0	0	0
150	4	6	7	9	0	10	12	13	15	16	18	19	21	23	24	26	27	29	30	32	33	35	36	38	40	41	43	44	46	47	49	44	45	47	48	49	51	52	0	0	0	0	0	0	47	48	49	50	51	52	53	0	0	0	0
155	4	5	6	8	0	10	11	13	14	16	17	19	20	22	23	25	26	28	29	31	32	34	35	37	38	40	41	43	44	46	47	43	44	45	47	48	49	51	0	0	0	0	0	0	46	47	48	49	50	51	52	0	0	0	0
160	4	5	6	8	0	9	11	12	14	15	17	18	19	21	22	24	25	27	28	30	31	33	34	35	37	38	40	41	43	44	46	41	43	44	45	47	48	49	0	0	0	0	0	0	45	46	47	48	49	50	51	0	0	0	0
165	3	5	6	8	0	9	10	12	13	15	16	17	19	20	22	23	24	26	27	29	30	31	33	34	36	37	38	40	41	43	44	40	41	43	44	45	46	48	55	0	0	0	0	0	44	45	46	47	48	49	50	0	0	0	0
170	3	4	6	7	0	9	10	11	13	14	15	17	18	19	21	22	24	25	26	28	29	30	32	33	34	36	37	39	40	41	43	39	40	41	43	44	45	46	54	55	0	0	0	0	43	44	45	46	46	47	48	0	0	0	0
175	4	6	7	0	0	8	10	11	12	12	15	16	17	19	20	21	23	24	25	27	28	29	31	32	33	35	36	37	39	40	41	38	39	40	41	43	44	45	52	53	55	0	0	0	42	43	44	44	45	46	47	0	0	0	0
180	4	5	7	0	0	8	9	10	12	13	14	16	17	18	19	21	22	23	25	26	27	28	30	31	32	34	35	36	37	39	40	37	38	39	40	41	43	44	50	52	53	54	0	0	41	42	43	44	44	45	46	0	0	0	0
185	4	5	6	0	0	8	9	10	11	13	14	15	16	18	19	20	21	23	24	25	26	28	29	30	31	33	34	35	36	38	39	36	37	38	39	40	41	43	49	50	51	53	54	55	40	41	42	43	44	44	45	0	0	0	0
190	4	5	6	0	0	7	8	10	11	12	13	15	16	17	18	19	21	22	23	24	26	27	28	29	30	32	33	34	35	37	38	35	36	37	38	39	40	42	48	49	50	51	52	54	39	40	41	42	43	43	44	0	0	0	0
195	3	5	6	0	0	7	8	9	11	12	13	14	15	16	17	18	19	21	22	24	25	26	27	28	30	31	32	33	34	35	37	34	35	36	37	38	39	40	46	37	49	50	51	52	38	39	40	41	42	43	43	0	0	0	0
200	3	4	6	0	0	7	8	9	10	11	12	14	15	16	17	18	19	21	22	23	24	25	26	28	29	30	31	32	33	35	36	33	34	35	36	37	38	39	45	46	47	48	50	51	37	38	39	40	41	42	43	0	0	0	0
205	4	5	0	0	0	6	8	9	10	11	12	13	14	15	17	18	19	20	21	22	23	25	26	27	28	29	30	31	32	34	35	32	33	34	35	36	37	38	44	45	46	47	48	49	37	38	38	39	40	41	42	0	0	0	0
210	4	5	0	0	0	6	7	8	9	11	12	13	14	15	16	17	18	19	21	22	23	24	25	26	27	28	29	30	32	33	34	32	33	34	35	36	37	38	43	44	45	46	47	48	36	37	38	38	39	40	41	0	0	0	0
215	4	5	0	0	0	6	7	8	9	10	11	12	13	15	16	17	18	19	20	21	22	23	24	25	26	28	29	30	31	32	33	31	32	33	34	35	36	37	42	43	44	45	46	47	35	36	37	38	39	39	40	55	0	0	0
220	4	5	0	0	0	5	6	7	8	9	10	11	13	14	15	16	17	18	19	20	22	23	24	25	26	27	28	29	30	31	32	30	31	32	33	34	35	36	41	42	43	44	45	46	35	35	36	37	38	39	39	54	55	0	0
225	3	4	0	0	0	5	6	7	8	9	10	11	13	14	15	16	17	18	19	20	21	22	23	24	25	26	27	28	29	30	31	29	30	31	32	33	34	35	40	41	42	43	44	45	34	35	36	36	37	38	39	53	54	55	0
230	3	4	0	0	0	5	6	7	8	9	10	11	12	13	14	15	16	17	18	19	20	21	22	23	24	25	26	27	28	30	31	29	30	31	31	32	33	34	39	40	41	42	44	44	33	34	35	36	36	37	38	52	53	54	55
235	3	4	0	0	0	5	6	7	8	9	9	10	12	13	14	15	16	17	18	19	20	21	22	23	24	25	26	27	28	29	30	27	28	29	30	31	32	33	38	39	40	41	42	43	0	0	0	0	0	0	0	51	51	52	53	54	55
240	4	0	0	0	0	5	6	6	7	8	9	10	12	13	14	15	16	17	17	18	19	20	21	22	23	24	25	26	27	28	29	27	28	29	29	30	31	32	37	38	39	40	41	42	0	0	0	0	0	0	0	49	50	51	52	53	54
245	4	0	0	0	0	4	5	6	7	8	9	10	11	12	13	14	15	16	17	18	19	20	21	22	23	24	25	26	27	27	28	26	27	28	29	30	31	31	36	37	38	39	40	41	0	0	0	0	0	0	0	48	49	50	51	52	53
250	4	0	0	0	0	4	5	6	7	8	9	10	11	12	13	14	15	16	17	18	18	19	20	21	22	23	24	25	26	27	28	26	27	27	28	29	30	31	35	36	37	38	39	40	0	0	0	0	0	0	0	47	48	49	50	51	52
255	3	0	0	0	0	4	5	6	7	8	8	9	11	12	13	14	14	15	16	17	18	19	20	21	22	23	24	24	25	26	27	25	26	27	28	29	29	30	34	35	36	37	38	39	0	0	0	0	0	0	0	46	47	48	49	50	51
260	3	0	0	0	0	4	5	5	6	7	8	9	10	11	12	13	14	15	16	17	18	19	19	20	21	22	23	24	25	26	27	25	26	26	27	28	29	30	34	35	35	36	37	38	0	0	0	0	0	0	0	45	46	47	48	49	50
265	0	0	0	0	0	4	4	5	6	7	8	9	10	11	12	13	14	15	15	16	17	18	19	20	21	22	22	23	24	25	26	24	25	26	27	27	28	29	33	34	35	36	36	37	0	0	0	0	0	0	0	44	45	46	47	48	49
270	0	0	0	0	0	4	4	5	6	7	8	8	10	11	12	13	13	14	15	16	17	18	19	19	20	21	22	23	24	25	25	24	25	25	26	27	28	28	32	33	34	35	36	37	0	0	0	0	0	0	0	43	44	45	46	47	48
275	0	0	0	0	0	3	4	5	6	7	7	8	10	11	11	12	13	14	15	16	16	17	18	19	20	21	22	22	23	24	25	23	24	25	26	26	27	28	32	32	33	34	35	36	0	0	0	0	0	0	0	43	43	44	45	46	47
280	0	0	0	0	0	3	4	5	6	6	7	8	9	10	11	12	13	14	15	15	16	17	18	19	19	20	21	22	23	24	24	0	0	0	0	0	0	0	31	32	33	33	34	35	0	0	0	0	0	0	0	42	43	43	44	45	46
285	0	0	0	0	0	3	4	5	5	6	7	8	9	10	11	12	12	13	14	15	16	17	17	18	19	20	21	21	22	23	24	0	0	0	0	0	0	0	30	31	32	33	34	34	0	0	0	0	0	0	0	41	42	43	43	44	45
290	0	0	0	0	0	0	0	0	0	0	0	0	9	10	11	11	12	13	14	15	15	16	17	18	19	19	20	21	22	23	23	0	0	0	0	0	0	0	30	31	31	32	33	34	0	0	0	0	0	0	0	40	41	42	43	43	44
295	0	0	0	0	0	0	0	0	0	0	0	0	9	10	10	11	12	13	14	14	15	16	17	17	18	19	20	21	21	22	23	0	0	0	0	0	0	0	29	30	31	32	32	33	0	0	0	0	0	0	0	39	40	41	42	43	43
300	0	0	0	0	0	0	0	0	0	0	0	0	9	9	10	11	12	12	13	14	15	16	16	17	18	19	19	20	21	22	22	0	0	0	0	0	0	0	29	29	30	31	32	33	0	0	0	0	0	0	0	39	39	40	41	42	43
